352824
352830
352855
352859
352865
352867
352868
354002
354006
354008
354009
354012
354014
354016
354017
354019
354020
354021
354022
354023
354024
354025
354026
354027
354028
354031
354033
354034
354035
354036
354037
354038
354039
354060
354062
354068
354069
354070
354072
354074
354077
354080
354082
354087
354088
354090
354093
354100
354101
354102
354169
354180
354181
354258
354259
354277
354287
354290
355100
358010
358014
358180
358201
358204
358273
358277
358290
358298
358299
358305
358403
358410
358411
358413
358419
358481
358488
358490
358631
358701
358702
358703
358708
358711
358741
358742
358743
358744
358746
358747
358750
358751
358759
358761
358781
358787
358793
358821
358874